Done: 375.299988 = 0.051554
Done: 43915.230469 = 0.004772
Got result
Result = 0.000246
